{"sim": [[1.0, 0.5230392925824575, 0.5288752026688129, 0.5402748644186306, 0.5266226014034884, 0.5392980663648481], [0.5230392925824575, 1.0, 0.6810136972246448, 0.71110037727967, 0.5774797056186401, 0.6139188681684695], [0.5288752026688129, 0.6810136972246448, 1.0, 0.6995960814061295, 0.6449179875255701, 0.6661200727097077], [0.5402748644186306, 0.71110037727967, 0.6995960814061295, 1.0, 0.6163270339427197, 0.6333366563652677], [0.5266226014034884, 0.5774797056186401, 0.6449179875255701, 0.6163270339427197, 1.0, 0.7350188629293798], [0.5392980663648481, 0.6139188681684695, 0.6661200727097077, 0.6333366563652677, 0.7350188629293798, 1.0]], "countries": ["eg", "kw", "sa", "ae", "ALL", "eBoW"]}
