{"sim": [[1.0, 0.7132586972008182, 0.505709362435382, 0.4924904066225618, 0.6944327737882088, 0.532297944224598, 0.7474752188143694, 0.5179594082052172, 0.4856980928901357, 0.49711022272986866, 0.5829282578634961, 0.5820016414811954, 0.7175804591676276, 0.6433402917520797, 0.680884351996717], [0.7132586972008182, 1.0, 0.5042405462787628, 0.4813994360211803, 0.6548450224102014, 0.5262048648711589, 0.6909352443736333, 0.5151693803355817, 0.47284321712503863, 0.5033951183703432, 0.5799326185353271, 0.5748167727982698, 0.6668616628939136, 0.7009635661681212, 0.6945970755168268], [0.505709362435382, 0.5042405462787628, 1.0, 0.45702740708215456, 0.49445587790959517, 0.557192415530105, 0.5015092761774932, 0.6378983936169548, 0.46320824751474965, 0.472644641563067, 0.49990273152757275, 0.5785435998723407, 0.5038522215529357, 0.506055383201195, 0.5422140382047194], [0.4924904066225618, 0.4813994360211803, 0.45702740708215456, 1.0, 0.46959003021656137, 0.5050869255678295, 0.4758199813090426, 0.47990244783669045, 0.5996094703441542, 0.4347152669457899, 0.4768176850359988, 0.4761357749397482, 0.47071958348761794, 0.4505854489917882, 0.5038177135022573], [0.6944327737882088, 0.6548450224102014, 0.49445587790959517, 0.46959003021656137, 1.0, 0.5144428525211443, 0.674827498083312, 0.5014834755713385, 0.4630694185540313, 0.4736132035167405, 0.5482712593170086, 0.560046656668809, 0.7474402730375427, 0.5975233707509111, 0.6267686044779824], [0.532297944224598, 0.5262048648711589, 0.557192415530105, 0.5050869255678295, 0.5144428525211443, 1.0, 0.5267381859267801, 0.5832915582023205, 0.5034382294408791, 0.4688653924815232, 0.49952522051504994, 0.5810093602238734, 0.5157125428589601, 0.5016727006095046, 0.5490397683625835], [0.7474752188143694, 0.6909352443736333, 0.5015092761774932, 0.4758199813090426, 0.674827498083312, 0.5267381859267801, 1.0, 0.5139967773048335, 0.47197484417990904, 0.5049054784061358, 0.5893487249754453, 0.5827848957264131, 0.6950682504477824, 0.6367325786854642, 0.671250517994326], [0.5179594082052172, 0.5151693803355817, 0.6378983936169548, 0.47990244783669045, 0.5014834755713385, 0.5832915582023205, 0.5139967773048335, 1.0, 0.48521829780965653, 0.4842932530065907, 0.5138481439560185, 0.5913458911801664, 0.5105246477858769, 0.5122238246322469, 0.5606503503580975], [0.4856980928901357, 0.47284321712503863, 0.46320824751474965, 0.5996094703441542, 0.4630694185540313, 0.5034382294408791, 0.47197484417990904, 0.48521829780965653, 1.0, 0.4363976087802259, 0.4683306073981135, 0.48289106737791254, 0.46405812804030094, 0.44843743093312116, 0.5017415215398717], [0.49711022272986866, 0.5033951183703432, 0.472644641563067, 0.4347152669457899, 0.4736132035167405, 0.4688653924815232, 0.5049054784061358, 0.4842932530065907, 0.4363976087802259, 1.0, 0.5822690069774741, 0.5159316701941871, 0.48130735500203425, 0.5115785589076484, 0.5456148108841131], [0.5829282578634961, 0.5799326185353271, 0.49990273152757275, 0.4768176850359988, 0.5482712593170086, 0.49952522051504994, 0.5893487249754453, 0.5138481439560185, 0.4683306073981135, 0.5822690069774741, 1.0, 0.5585440968382501, 0.56325622722746, 0.5719082797659023, 0.6157492156826488], [0.5820016414811954, 0.5748167727982698, 0.5785435998723407, 0.4761357749397482, 0.560046656668809, 0.5810093602238734, 0.5827848957264131, 0.5913458911801664, 0.48289106737791254, 0.5159316701941871, 0.5585440968382501, 1.0, 0.573663421017877, 0.5810475018696775, 0.614087802475217], [0.7175804591676276, 0.6668616628939136, 0.5038522215529357, 0.47071958348761794, 0.7474402730375427, 0.5157125428589601, 0.6950682504477824, 0.5105246477858769, 0.46405812804030094, 0.48130735500203425, 0.56325622722746, 0.573663421017877, 1.0, 0.613630767715566, 0.6429386179320372], [0.6433402917520797, 0.7009635661681212, 0.506055383201195, 0.4505854489917882, 0.5975233707509111, 0.5016727006095046, 0.6367325786854642, 0.5122238246322469, 0.44843743093312116, 0.5115785589076484, 0.5719082797659023, 0.5810475018696775, 0.613630767715566, 1.0, 0.7142334000340043], [0.680884351996717, 0.6945970755168268, 0.5422140382047194, 0.5038177135022573, 0.6267686044779824, 0.5490397683625835, 0.671250517994326, 0.5606503503580975, 0.5017415215398717, 0.5456148108841131, 0.6157492156826488, 0.614087802475217, 0.6429386179320372, 0.7142334000340043, 1.0]], "cos": [[1.0, 0.9970504994518178, 0.9889533619435575, 0.9853644691777518, 0.9966400827611963, 0.9909909645893826, 0.99695202714975, 0.9902241295831768, 0.9829403683744997, 0.9848555108011396, 0.9832214679262508, 0.992731288162639, 0.9973186067927626, 0.9946465801776845, 0.9961708431373211], [0.9970504994518178, 1.0, 0.9900878081363065, 0.9860755389002488, 0.996533715755994, 0.9915675429437043, 0.9962499052410737, 0.9913007659519479, 0.9829340971409626, 0.986440745177018, 0.9846532339729054, 0.9931799014594408, 0.9971771703897937, 0.9968322937500043, 0.9965312390325229], [0.9889533619435575, 0.9900878081363065, 1.0, 0.9807091494387981, 0.9878862732016344, 0.9906932795154271, 0.9885010659502986, 0.9957449373716742, 0.979679929386183, 0.9881478909355259, 0.9791572343661648, 0.9941735514462582, 0.9897530610929058, 0.9899798919628768, 0.9929347126216874], [0.9853644691777518, 0.9860755389002488, 0.9807091494387981, 1.0, 0.9836869671183261, 0.9886915460778636, 0.9818991596142953, 0.9836584174204573, 0.9922094687613019, 0.9777675448157497, 0.9748693578107246, 0.9798769304370425, 0.9820239409998246, 0.9789980792224839, 0.983310864515977], [0.9966400827611963, 0.996533715755994, 0.9878862732016344, 0.9836869671183261, 1.0, 0.9900128108106965, 0.9965998489392233, 0.9889843048550963, 0.9815772855798205, 0.9838788458262816, 0.9825628413593402, 0.9914344309699649, 0.9981080449996784, 0.9942015036317363, 0.9949676817439947], [0.9909909645893826, 0.9915675429437043, 0.9906932795154271, 0.9886915460778636, 0.9900128108106965, 1.0, 0.9897394191618338, 0.9921515971138852, 0.9861048483888513, 0.9843937646662531, 0.9784517980761834, 0.991591423418945, 0.9898667865105759, 0.987243088933586, 0.9910512818289924], [0.99695202714975, 0.9962499052410737, 0.9885010659502986, 0.9818991596142953, 0.9965998489392233, 0.9897394191618338, 1.0, 0.9897597262212724, 0.9806534522512887, 0.9865025576993376, 0.9840174893833763, 0.9936075650635354, 0.997484313131662, 0.9951901787814225, 0.9966008429338142], [0.9902241295831768, 0.9913007659519479, 0.9957449373716742, 0.9836584174204573, 0.9889843048550963, 0.9921515971138852, 0.9897597262212724, 1.0, 0.9824599974258524, 0.9892579065933651, 0.9800871639781349, 0.9948186773747845, 0.9907793744383083, 0.9905415390505731, 0.9941506168916017], [0.9829403683744997, 0.9829340971409626, 0.979679929386183, 0.9922094687613019, 0.9815772855798205, 0.9861048483888513, 0.9806534522512887, 0.9824599974258524, 1.0, 0.9770605133729858, 0.9716735973647889, 0.9793303925587876, 0.9802534048916313, 0.9771653524452396, 0.9823495926619477], [0.9848555108011396, 0.986440745177018, 0.9881478909355259, 0.9777675448157497, 0.9838788458262816, 0.9843937646662531, 0.9865025576993376, 0.9892579065933651, 0.9770605133729858, 1.0, 0.983961690780596, 0.9906156702699068, 0.9861920322017486, 0.9877100407683077, 0.990090513427714], [0.9832214679262508, 0.9846532339729054, 0.9791572343661648, 0.9748693578107246, 0.9825628413593402, 0.9784517980761834, 0.9840174893833763, 0.9800871639781349, 0.9716735973647889, 0.983961690780596, 1.0, 0.9837008928947524, 0.9837902598584327, 0.9855611246851496, 0.9849502204492944], [0.992731288162639, 0.9931799014594408, 0.9941735514462582, 0.9798769304370425, 0.9914344309699649, 0.991591423418945, 0.9936075650635354, 0.9948186773747845, 0.9793303925587876, 0.9906156702699068, 0.9837008928947524, 1.0, 0.9937953974577103, 0.9942040981854845, 0.9967305747426309], [0.9973186067927626, 0.9971771703897937, 0.9897530610929058, 0.9820239409998246, 0.9981080449996784, 0.9898667865105759, 0.997484313131662, 0.9907793744383083, 0.9802534048916313, 0.9861920322017486, 0.9837902598584327, 0.9937953974577103, 1.0, 0.9959229333891166, 0.9967274528950101], [0.9946465801776845, 0.9968322937500043, 0.9899798919628768, 0.9789980792224839, 0.9942015036317363, 0.987243088933586, 0.9951901787814225, 0.9905415390505731, 0.9771653524452396, 0.9877100407683077, 0.9855611246851496, 0.9942040981854845, 0.9959229333891166, 1.0, 0.9970513111522782], [0.9961708431373211, 0.9965312390325229, 0.9929347126216874, 0.983310864515977, 0.9949676817439947, 0.9910512818289924, 0.9966008429338142, 0.9941506168916017, 0.9823495926619477, 0.990090513427714, 0.9849502204492944, 0.9967305747426309, 0.9967274528950101, 0.9970513111522782, 1.0]], "countries": ["au", "ca", "gh", "in", "ie", "ke", "nz", "ng", "pk", "ph", "sg", "za", "gb", "us", "ALL"]}
