{"sim": [[1.0, 0.7132586972008182, 0.505709362435382, 0.4924904066225618, 0.6944327737882088, 0.532297944224598, 0.7474752188143694, 0.5179594082052172, 0.4856980928901357, 0.49711022272986866, 0.5829282578634961, 0.5820016414811954, 0.7175804591676276, 0.6433402917520797, 0.680884351996717, 0.670441149294913], [0.7132586972008182, 1.0, 0.5042405462787628, 0.4813994360211803, 0.6548450224102014, 0.5262048648711589, 0.6909352443736333, 0.5151693803355817, 0.47284321712503863, 0.5033951183703432, 0.5799326185353271, 0.5748167727982698, 0.6668616628939136, 0.7009635661681212, 0.6945970755168268, 0.6944108692982399], [0.505709362435382, 0.5042405462787628, 1.0, 0.45702740708215456, 0.49445587790959517, 0.557192415530105, 0.5015092761774932, 0.6378983936169548, 0.46320824751474965, 0.472644641563067, 0.49990273152757275, 0.5785435998723407, 0.5038522215529357, 0.506055383201195, 0.5422140382047194, 0.5397953549569446], [0.4924904066225618, 0.4813994360211803, 0.45702740708215456, 1.0, 0.46959003021656137, 0.5050869255678295, 0.4758199813090426, 0.47990244783669045, 0.5996094703441542, 0.4347152669457899, 0.4768176850359988, 0.4761357749397482, 0.47071958348761794, 0.4505854489917882, 0.5038177135022573, 0.48942069498420493], [0.6944327737882088, 0.6548450224102014, 0.49445587790959517, 0.46959003021656137, 1.0, 0.5144428525211443, 0.674827498083312, 0.5014834755713385, 0.4630694185540313, 0.4736132035167405, 0.5482712593170086, 0.560046656668809, 0.7474402730375427, 0.5975233707509111, 0.6267686044779824, 0.6241682259203727], [0.532297944224598, 0.5262048648711589, 0.557192415530105, 0.5050869255678295, 0.5144428525211443, 1.0, 0.5267381859267801, 0.5832915582023205, 0.5034382294408791, 0.4688653924815232, 0.49952522051504994, 0.5810093602238734, 0.5157125428589601, 0.5016727006095046, 0.5490397683625835, 0.5365912274840124], [0.7474752188143694, 0.6909352443736333, 0.5015092761774932, 0.4758199813090426, 0.674827498083312, 0.5267381859267801, 1.0, 0.5139967773048335, 0.47197484417990904, 0.5049054784061358, 0.5893487249754453, 0.5827848957264131, 0.6950682504477824, 0.6367325786854642, 0.671250517994326, 0.6626117841060443], [0.5179594082052172, 0.5151693803355817, 0.6378983936169548, 0.47990244783669045, 0.5014834755713385, 0.5832915582023205, 0.5139967773048335, 1.0, 0.48521829780965653, 0.4842932530065907, 0.5138481439560185, 0.5913458911801664, 0.5105246477858769, 0.5122238246322469, 0.5606503503580975, 0.5526914329037149], [0.4856980928901357, 0.47284321712503863, 0.46320824751474965, 0.5996094703441542, 0.4630694185540313, 0.5034382294408791, 0.47197484417990904, 0.48521829780965653, 1.0, 0.4363976087802259, 0.4683306073981135, 0.48289106737791254, 0.46405812804030094, 0.44843743093312116, 0.5017415215398717, 0.4880257025923971], [0.49711022272986866, 0.5033951183703432, 0.472644641563067, 0.4347152669457899, 0.4736132035167405, 0.4688653924815232, 0.5049054784061358, 0.4842932530065907, 0.4363976087802259, 1.0, 0.5822690069774741, 0.5159316701941871, 0.48130735500203425, 0.5115785589076484, 0.5456148108841131, 0.5509368547475787], [0.5829282578634961, 0.5799326185353271, 0.49990273152757275, 0.4768176850359988, 0.5482712593170086, 0.49952522051504994, 0.5893487249754453, 0.5138481439560185, 0.4683306073981135, 0.5822690069774741, 1.0, 0.5585440968382501, 0.56325622722746, 0.5719082797659023, 0.6157492156826488, 0.6259412253606739], [0.5820016414811954, 0.5748167727982698, 0.5785435998723407, 0.4761357749397482, 0.560046656668809, 0.5810093602238734, 0.5827848957264131, 0.5913458911801664, 0.48289106737791254, 0.5159316701941871, 0.5585440968382501, 1.0, 0.573663421017877, 0.5810475018696775, 0.614087802475217, 0.6143362995350555], [0.7175804591676276, 0.6668616628939136, 0.5038522215529357, 0.47071958348761794, 0.7474402730375427, 0.5157125428589601, 0.6950682504477824, 0.5105246477858769, 0.46405812804030094, 0.48130735500203425, 0.56325622722746, 0.573663421017877, 1.0, 0.613630767715566, 0.6429386179320372, 0.64476317754312], [0.6433402917520797, 0.7009635661681212, 0.506055383201195, 0.4505854489917882, 0.5975233707509111, 0.5016727006095046, 0.6367325786854642, 0.5122238246322469, 0.44843743093312116, 0.5115785589076484, 0.5719082797659023, 0.5810475018696775, 0.613630767715566, 1.0, 0.7142334000340043, 0.7570562016153356], [0.680884351996717, 0.6945970755168268, 0.5422140382047194, 0.5038177135022573, 0.6267686044779824, 0.5490397683625835, 0.671250517994326, 0.5606503503580975, 0.5017415215398717, 0.5456148108841131, 0.6157492156826488, 0.614087802475217, 0.6429386179320372, 0.7142334000340043, 1.0, 0.8134676314733594], [0.670441149294913, 0.6944108692982399, 0.5397953549569446, 0.48942069498420493, 0.6241682259203727, 0.5365912274840124, 0.6626117841060443, 0.5526914329037149, 0.4880257025923971, 0.5509368547475787, 0.6259412253606739, 0.6143362995350555, 0.64476317754312, 0.7570562016153356, 0.8134676314733594, 1.0]], "countries": ["au", "ca", "gh", "in", "ie", "ke", "nz", "ng", "pk", "ph", "sg", "za", "gb", "us", "ALL", "eBoW"]}
