{"sim": [[1.0, 0.5849763895690869, 0.5660392011613389, 0.5597125041648817, 0.629063430215577, 0.6211549640697085, 0.57146539579774, 0.569874958079816, 0.5630977651632599, 0.607121399757225, 0.5537129343709437, 0.6155799334401578, 0.6275564054486981, 0.6654849489828333, 0.6599902481651986, 0.6617054184943837], [0.5849763895690869, 1.0, 0.558627496447449, 0.5651322467012956, 0.6071115470680195, 0.626950337003339, 0.5749965453223664, 0.5561478596911972, 0.5559169525527949, 0.6079691832077925, 0.5683065013072013, 0.5608733707657773, 0.6012314157616331, 0.5854461002515967, 0.6207740818597749, 0.6170947763219582], [0.5660392011613389, 0.558627496447449, 1.0, 0.5357630365627178, 0.5675750019434428, 0.5711734174028745, 0.5386836807165623, 0.5346571749718996, 0.516922916678722, 0.5567947644414355, 0.5416245207122863, 0.5409901595400731, 0.5681376331736148, 0.5565359380102722, 0.662147938673802, 0.6465607668004547], [0.5597125041648817, 0.5651322467012956, 0.5357630365627178, 1.0, 0.565459377146099, 0.5701664540319731, 0.5159053715686784, 0.501861973348, 0.6075648958416376, 0.5416970523889059, 0.7267445690120806, 0.5655248196455019, 0.5510102653610627, 0.5604831268714023, 0.6405326925002504, 0.6554406926297576], [0.629063430215577, 0.6071115470680195, 0.5675750019434428, 0.565459377146099, 1.0, 0.6476577771352788, 0.6296204199873183, 0.6020534131882906, 0.569442615099084, 0.6627699724081063, 0.5712581741460228, 0.6054580084883301, 0.6568741467361076, 0.6459094619200101, 0.6499392627186384, 0.6425474322664728], [0.6211549640697085, 0.626950337003339, 0.5711734174028745, 0.5701664540319731, 0.6476577771352788, 1.0, 0.6051729205447242, 0.5851489040060469, 0.5785911286146138, 0.6590132395007974, 0.571861152584651, 0.5855228141481589, 0.6424136483531631, 0.6298230561669216, 0.6531231278574807, 0.6443608079287417], [0.57146539579774, 0.5749965453223664, 0.5386836807165623, 0.5159053715686784, 0.6296204199873183, 0.6051729205447242, 1.0, 0.6079395943102845, 0.5247224144850491, 0.625255744169033, 0.5206450490167643, 0.5321904717372626, 0.6299547967095487, 0.5817725429619618, 0.6052318959499344, 0.590872678723146], [0.569874958079816, 0.5561478596911972, 0.5346571749718996, 0.501861973348, 0.6020534131882906, 0.5851489040060469, 0.6079395943102845, 1.0, 0.5224908671688514, 0.6022590444290962, 0.5104115050876364, 0.5385662804756371, 0.6316287407259872, 0.5852447615880023, 0.5841048077155495, 0.5726626991745056], [0.5630977651632599, 0.5559169525527949, 0.516922916678722, 0.6075648958416376, 0.569442615099084, 0.5785911286146138, 0.5247224144850491, 0.5224908671688514, 1.0, 0.5684003326532688, 0.6041906347147088, 0.5621290491740758, 0.5698185520091024, 0.5750817150547971, 0.599677799271387, 0.6025724887973248], [0.607121399757225, 0.6079691832077925, 0.5567947644414355, 0.5416970523889059, 0.6627699724081063, 0.6590132395007974, 0.625255744169033, 0.6022590444290962, 0.5684003326532688, 1.0, 0.5484267293572833, 0.5623059364812596, 0.6485385118478644, 0.6195524582669187, 0.6196625291162859, 0.6076141882941667], [0.5537129343709437, 0.5683065013072013, 0.5416245207122863, 0.7267445690120806, 0.5712581741460228, 0.571861152584651, 0.5206450490167643, 0.5104115050876364, 0.6041906347147088, 0.5484267293572833, 1.0, 0.5717480588781965, 0.5626225716653056, 0.5631070855718604, 0.6374789181085639, 0.6421564328401218], [0.6155799334401578, 0.5608733707657773, 0.5409901595400731, 0.5655248196455019, 0.6054580084883301, 0.5855228141481589, 0.5321904717372626, 0.5385662804756371, 0.5621290491740758, 0.5623059364812596, 0.5717480588781965, 1.0, 0.6162572753280063, 0.6325330842285536, 0.624842718566957, 0.6273543324683709], [0.6275564054486981, 0.6012314157616331, 0.5681376331736148, 0.5510102653610627, 0.6568741467361076, 0.6424136483531631, 0.6299547967095487, 0.6316287407259872, 0.5698185520091024, 0.6485385118478644, 0.5626225716653056, 0.6162572753280063, 1.0, 0.6430827859399288, 0.6484452130168212, 0.637141447512225], [0.6654849489828333, 0.5854461002515967, 0.5565359380102722, 0.5604831268714023, 0.6459094619200101, 0.6298230561669216, 0.5817725429619618, 0.5852447615880023, 0.5750817150547971, 0.6195524582669187, 0.5631070855718604, 0.6325330842285536, 0.6430827859399288, 1.0, 0.647492097010376, 0.6442782949042828], [0.6599902481651986, 0.6207740818597749, 0.662147938673802, 0.6405326925002504, 0.6499392627186384, 0.6531231278574807, 0.6052318959499344, 0.5841048077155495, 0.599677799271387, 0.6196625291162859, 0.6374789181085639, 0.624842718566957, 0.6484452130168212, 0.647492097010376, 1.0, 0.862082682199176], [0.6617054184943837, 0.6170947763219582, 0.6465607668004547, 0.6554406926297576, 0.6425474322664728, 0.6443608079287417, 0.590872678723146, 0.5726626991745056, 0.6025724887973248, 0.6076141882941667, 0.6421564328401218, 0.6273543324683709, 0.637141447512225, 0.6442782949042828, 0.862082682199176, 1.0]], "countries": ["mx", "cl", "es", "ar", "co", "pe", "ve", "do", "py", "ec", "uy", "cr", "pa", "gt", "ALL", "eBoW"]}
