{"sim": [[1.0, 0.5849763895690869, 0.5660392011613389, 0.5597125041648817, 0.629063430215577, 0.6211549640697085, 0.57146539579774, 0.569874958079816, 0.5630977651632599, 0.607121399757225, 0.5537129343709437, 0.6155799334401578, 0.6275564054486981, 0.6654849489828333, 0.6599902481651986], [0.5849763895690869, 1.0, 0.558627496447449, 0.5651322467012956, 0.6071115470680195, 0.626950337003339, 0.5749965453223664, 0.5561478596911972, 0.5559169525527949, 0.6079691832077925, 0.5683065013072013, 0.5608733707657773, 0.6012314157616331, 0.5854461002515967, 0.6207740818597749], [0.5660392011613389, 0.558627496447449, 1.0, 0.5357630365627178, 0.5675750019434428, 0.5711734174028745, 0.5386836807165623, 0.5346571749718996, 0.516922916678722, 0.5567947644414355, 0.5416245207122863, 0.5409901595400731, 0.5681376331736148, 0.5565359380102722, 0.662147938673802], [0.5597125041648817, 0.5651322467012956, 0.5357630365627178, 1.0, 0.565459377146099, 0.5701664540319731, 0.5159053715686784, 0.501861973348, 0.6075648958416376, 0.5416970523889059, 0.7267445690120806, 0.5655248196455019, 0.5510102653610627, 0.5604831268714023, 0.6405326925002504], [0.629063430215577, 0.6071115470680195, 0.5675750019434428, 0.565459377146099, 1.0, 0.6476577771352788, 0.6296204199873183, 0.6020534131882906, 0.569442615099084, 0.6627699724081063, 0.5712581741460228, 0.6054580084883301, 0.6568741467361076, 0.6459094619200101, 0.6499392627186384], [0.6211549640697085, 0.626950337003339, 0.5711734174028745, 0.5701664540319731, 0.6476577771352788, 1.0, 0.6051729205447242, 0.5851489040060469, 0.5785911286146138, 0.6590132395007974, 0.571861152584651, 0.5855228141481589, 0.6424136483531631, 0.6298230561669216, 0.6531231278574807], [0.57146539579774, 0.5749965453223664, 0.5386836807165623, 0.5159053715686784, 0.6296204199873183, 0.6051729205447242, 1.0, 0.6079395943102845, 0.5247224144850491, 0.625255744169033, 0.5206450490167643, 0.5321904717372626, 0.6299547967095487, 0.5817725429619618, 0.6052318959499344], [0.569874958079816, 0.5561478596911972, 0.5346571749718996, 0.501861973348, 0.6020534131882906, 0.5851489040060469, 0.6079395943102845, 1.0, 0.5224908671688514, 0.6022590444290962, 0.5104115050876364, 0.5385662804756371, 0.6316287407259872, 0.5852447615880023, 0.5841048077155495], [0.5630977651632599, 0.5559169525527949, 0.516922916678722, 0.6075648958416376, 0.569442615099084, 0.5785911286146138, 0.5247224144850491, 0.5224908671688514, 1.0, 0.5684003326532688, 0.6041906347147088, 0.5621290491740758, 0.5698185520091024, 0.5750817150547971, 0.599677799271387], [0.607121399757225, 0.6079691832077925, 0.5567947644414355, 0.5416970523889059, 0.6627699724081063, 0.6590132395007974, 0.625255744169033, 0.6022590444290962, 0.5684003326532688, 1.0, 0.5484267293572833, 0.5623059364812596, 0.6485385118478644, 0.6195524582669187, 0.6196625291162859], [0.5537129343709437, 0.5683065013072013, 0.5416245207122863, 0.7267445690120806, 0.5712581741460228, 0.571861152584651, 0.5206450490167643, 0.5104115050876364, 0.6041906347147088, 0.5484267293572833, 1.0, 0.5717480588781965, 0.5626225716653056, 0.5631070855718604, 0.6374789181085639], [0.6155799334401578, 0.5608733707657773, 0.5409901595400731, 0.5655248196455019, 0.6054580084883301, 0.5855228141481589, 0.5321904717372626, 0.5385662804756371, 0.5621290491740758, 0.5623059364812596, 0.5717480588781965, 1.0, 0.6162572753280063, 0.6325330842285536, 0.624842718566957], [0.6275564054486981, 0.6012314157616331, 0.5681376331736148, 0.5510102653610627, 0.6568741467361076, 0.6424136483531631, 0.6299547967095487, 0.6316287407259872, 0.5698185520091024, 0.6485385118478644, 0.5626225716653056, 0.6162572753280063, 1.0, 0.6430827859399288, 0.6484452130168212], [0.6654849489828333, 0.5854461002515967, 0.5565359380102722, 0.5604831268714023, 0.6459094619200101, 0.6298230561669216, 0.5817725429619618, 0.5852447615880023, 0.5750817150547971, 0.6195524582669187, 0.5631070855718604, 0.6325330842285536, 0.6430827859399288, 1.0, 0.647492097010376], [0.6599902481651986, 0.6207740818597749, 0.662147938673802, 0.6405326925002504, 0.6499392627186384, 0.6531231278574807, 0.6052318959499344, 0.5841048077155495, 0.599677799271387, 0.6196625291162859, 0.6374789181085639, 0.624842718566957, 0.6484452130168212, 0.647492097010376, 1.0]], "cos": [[1.0, 0.9949035019447764, 0.9956633105954343, 0.9936299320366018, 0.9958107422377492, 0.995385629469825, 0.9915618396790917, 0.991907764920571, 0.9949326933876145, 0.9927670906435058, 0.9932222854474547, 0.9952629044054416, 0.9949482254256165, 0.9962548979087806, 0.9975098099033898], [0.9949035019447764, 1.0, 0.9952320925437317, 0.9905135598185809, 0.9957082699921751, 0.9960302273885652, 0.9941260593277713, 0.9935385275195375, 0.9938566361652902, 0.9947229374337397, 0.9908686101218908, 0.9922889676191045, 0.995443098811767, 0.9940293843532432, 0.9955551056039416], [0.9956633105954343, 0.9952320925437317, 1.0, 0.9932553171294238, 0.9963990963189562, 0.9957120759899227, 0.9930900328234049, 0.9924685260677966, 0.9938770645561886, 0.9933739327011478, 0.9937516962991114, 0.994294915340967, 0.995831920596289, 0.9953980578841671, 0.9980654351635169], [0.9936299320366018, 0.9905135598185809, 0.9932553171294238, 1.0, 0.9929218171313423, 0.9910580384766772, 0.9853326122741526, 0.9851484495414401, 0.9928930944594545, 0.9854749334059416, 0.9985788832913278, 0.9952549713927001, 0.9910750013433633, 0.993207978928978, 0.9968038729844398], [0.9958107422377492, 0.9957082699921751, 0.9963990963189562, 0.9929218171313423, 1.0, 0.9964225418038113, 0.9944269299132616, 0.993570256971795, 0.994713995865381, 0.9947477783594235, 0.9934720796125885, 0.9943956123893729, 0.9964019952784317, 0.9955782456144685, 0.9974331129687143], [0.995385629469825, 0.9960302273885652, 0.9957120759899227, 0.9910580384766772, 0.9964225418038113, 1.0, 0.9941385143810705, 0.9935214751544937, 0.9946258824008368, 0.9951609066915086, 0.9916100213025261, 0.9925648100736243, 0.9958791740467695, 0.9949400622457216, 0.9965886400165322], [0.9915618396790917, 0.9941260593277713, 0.9930900328234049, 0.9853326122741526, 0.9944269299132616, 0.9941385143810705, 1.0, 0.9931936833551227, 0.9907892714889353, 0.9949049216633865, 0.9861537622265842, 0.9875005737545499, 0.9941967637871353, 0.9912459291859163, 0.9926187486983626], [0.991907764920571, 0.9935385275195375, 0.9924685260677966, 0.9851484495414401, 0.993570256971795, 0.9935214751544937, 0.9931936833551227, 1.0, 0.9909051865966974, 0.993642833100492, 0.9856347022468629, 0.9889892893155703, 0.9938599394037547, 0.9915422130552415, 0.9920433066701129], [0.9949326933876145, 0.9938566361652902, 0.9938770645561886, 0.9928930944594545, 0.994713995865381, 0.9946258824008368, 0.9907892714889353, 0.9909051865966974, 1.0, 0.9921577181228683, 0.9934190439264257, 0.9940549487481886, 0.9939229690193087, 0.9947107614009831, 0.9958590178477064], [0.9927670906435058, 0.9947229374337397, 0.9933739327011478, 0.9854749334059416, 0.9947477783594235, 0.9951609066915086, 0.9949049216633865, 0.993642833100492, 0.9921577181228683, 1.0, 0.9865158089865695, 0.9880028744643738, 0.9944498555933748, 0.9926260488320926, 0.9928884605973237], [0.9932222854474547, 0.9908686101218908, 0.9937516962991114, 0.9985788832913278, 0.9934720796125885, 0.9916100213025261, 0.9861537622265842, 0.9856347022468629, 0.9934190439264257, 0.9865158089865695, 1.0, 0.9951445079663526, 0.99174579004921, 0.9934379715412259, 0.9969457276369607], [0.9952629044054416, 0.9922889676191045, 0.994294915340967, 0.9952549713927001, 0.9943956123893729, 0.9925648100736243, 0.9875005737545499, 0.9889892893155703, 0.9940549487481886, 0.9880028744643738, 0.9951445079663526, 1.0, 0.993060331899711, 0.994710292146926, 0.9966332390239887], [0.9949482254256165, 0.995443098811767, 0.995831920596289, 0.9910750013433633, 0.9964019952784317, 0.9958791740467695, 0.9941967637871353, 0.9938599394037547, 0.9939229690193087, 0.9944498555933748, 0.99174579004921, 0.993060331899711, 1.0, 0.9945599822944278, 0.996150846729491], [0.9962548979087806, 0.9940293843532432, 0.9953980578841671, 0.993207978928978, 0.9955782456144685, 0.9949400622457216, 0.9912459291859163, 0.9915422130552415, 0.9947107614009831, 0.9926260488320926, 0.9934379715412259, 0.994710292146926, 0.9945599822944278, 1.0, 0.9969364122559728], [0.9975098099033898, 0.9955551056039416, 0.9980654351635169, 0.9968038729844398, 0.9974331129687143, 0.9965886400165322, 0.9926187486983626, 0.9920433066701129, 0.9958590178477064, 0.9928884605973237, 0.9969457276369607, 0.9966332390239887, 0.996150846729491, 0.9969364122559728, 1.0]], "countries": ["mx", "cl", "es", "ar", "co", "pe", "ve", "do", "py", "ec", "uy", "cr", "pa", "gt", "ALL"]}
